backend = ibmq_toronto
Number of Qubits = 27
Frequency in GHz and T1/T2 in us

frequency_information = np.array([5.22496, 5.00349, 5.14388, 5.2094, 5.0877, 5.16723, 5.15167, 4.91543, 5.03335, 5.08218, 5.09776, 5.11659, 4.92777, 5.12766, 5.01728, 5.09164, 4.94316, 5.15781, 5.05964, 5.06945, 4.91602, 5.14475, 5.11611, 5.09904, 4.96334, 5.06463, 5.21581])

t1_information = np.array([108.07394, 141.57173, 85.79291, 44.45246, 157.11413, 111.44964, 110.9613, 98.74926, 91.17726, 110.33224, 82.31826, 102.79409, 136.06305, 129.43991, 73.12346, 98.09323, 50.51268, 87.06637, 106.44236, 76.31418, 136.96745, 118.16866, 15.85865, 95.6479, 142.96769, 109.25268, 103.57567])

t2_information = np.array([60.31231, 182.69002, 154.71976, 77.19424, 173.4789, 175.65839, 45.23401, 182.51637, 104.16895, 254.21513, 86.19308, 128.69355, 196.66089, 243.65117, 120.36641, 56.44487, 64.73528, 114.58633, 32.55892, 51.69901, 90.39367, 52.4167, 31.4468, 40.1405, 87.11108, 174.97454, 62.80134])

readout_error_information = np.array([-0.33376, -0.32231, -0.33533, -0.33038, -0.33619, -0.331, -0.33618, -0.32363, -0.30861, -0.337, -0.33598, -0.33562, -0.3238, -0.33525, -0.32194, -0.3372, -0.33995, -0.33555, -0.32056, -0.32025, -0.33886, -0.33561, -0.33686, -0.27321, -0.33977, -0.32043, -0.33445])

prob_meas0_prep1_information = np.array([0.0516, 0.0379, 0.0099, 0.018, 0.0318, 0.0088, 0.0227, 0.0559, 0.0123, 0.02, 0.0218, 0.014, 0.0617, 0.2163, 0.0108, 0.2118, 0.0393, 0.0146, 0.0888, 0.0148, 0.0073, 0.0152, 0.0421, 0.0559, 0.0096, 0.009, 0.0127])

prob_meas1_prep0_information = np.array([0.064, 0.048, 0.0148, 0.0324, 0.0542, 0.011, 0.0336, 0.0944, 0.0182, 0.0364, 0.0334, 0.0194, 0.0878, 0.2186, 0.0158, 0.232, 0.0446, 0.0234, 0.1128, 0.0208, 0.0096, 0.0224, 0.0802, 0.0544, 0.0138, 0.0112, 0.017])

u1_err = np.array([0.0, 0.0, 0.0, 0.0, 0.0, 0.0, 0.0, 0.0, 0.0, 0.0, 0.0, 0.0, 0.0, 0.0, 0.0, 0.0, 0.0, 0.0, 0.0, 0.0, 0.0, 0.0, 0.0, 0.0, 0.0, 0.0, 0.0])

u2_err = np.array([0.00029, 0.00019, 0.00023, 0.00074, 0.00022, 0.00029, 0.00044, 0.00026, 0.00035, 0.00028, 0.00035, 0.00025, 0.0003, 0.00019, 0.0002, 0.00116, 0.00035, 0.00032, 0.00411, 0.00053, 0.00032, 0.00038, 0.04261, 0.00039, 0.00023, 0.00029, 0.00029])

u3_err = np.array([0.00057, 0.00039, 0.00046, 0.00147, 0.00044, 0.00059, 0.00088, 0.00052, 0.0007, 0.00055, 0.0007, 0.0005, 0.0006, 0.00038, 0.0004, 0.00232, 0.0007, 0.00064, 0.00821, 0.00105, 0.00064, 0.00076, 0.0834, 0.00079, 0.00045, 0.00058, 0.00057])

two_qubit_gates = np.array([[0, 1], [1, 0], [1, 2], [1, 4], [2, 1], [2, 3], [3, 2], [3, 5], [4, 1], [4, 7], [5, 3], [5, 8], [6, 7], [7, 4], [7, 6], [7, 10], [8, 5], [8, 9], [8, 11], [9, 8], [10, 7], [10, 12], [11, 8], [11, 14], [12, 10], [12, 13], [12, 15], [13, 12], [13, 14], [14, 11], [14, 13], [14, 16], [15, 12], [15, 18], [16, 14], [16, 19], [17, 18], [18, 15], [18, 17], [18, 21], [19, 16], [19, 20], [19, 22], [20, 19], [21, 18], [21, 23], [22, 19], [22, 25], [23, 21], [23, 24], [24, 23], [24, 25], [25, 22], [25, 24], [25, 26], [26, 25]])

two_qubit_err = np.array([0.00624, 0.00624, 0.00721, 0.00961, 0.00721, 0.01055, 0.01055, 0.01106, 0.00961, 0.00874, 0.01106, 0.00803, 0.00894, 0.00874, 0.00894, 0.00959, 0.00803, 0.00842, 0.0075, 0.00842, 0.00959, 0.00972, 0.0075, 0.00837, 0.00972, 0.00559, 0.01673, 0.00559, 0.00804, 0.00837, 0.00804, 0.00823, 0.01673, 0.0374, 0.00823, 0.01139, 0.02666, 0.0374, 0.02666, 0.04007, 0.01139, 0.01569, 1, 0.01569, 0.04007, 0.01567, 1, 0.07581, 0.01567, 0.01146, 0.01146, 0.00714, 0.07581, 0.00714, 0.00887, 0.00887])

two_qubit_gate_duration = np.array([241.77778, 277.33333, 547.55556, 469.33333, 512, 327.11111, 362.66667, 376.88889, 504.88889, 504.88889, 341.33333, 348.44444, 298.66667, 469.33333, 334.22222, 483.55556, 384, 376.88889, 341.33333, 341.33333, 519.11111, 483.55556, 305.77778, 497.77778, 448, 419.55556, 419.55556, 384, 270.22222, 462.22222, 305.77778, 426.66667, 455.11111, 704, 391.11111, 433.77778, 860.44444, 668.44444, 824.88889, 320, 398.22222, 568.88889, 270.22222, 604.44444, 284.44444, 640, 234.66667, 497.77778, 604.44444, 497.77778, 462.22222, 362.66667, 462.22222, 327.11111, 426.66667, 462.22222])

